1000.00 700.00
25 25
0.00 0.00 1000.00 0.00
1000.00 0.00 1000.00 700.00
1000.00 700.00 0.00 700.00
0.00 700.00 0.00 0.00
300.50 204.50 180.50 204.50
180.50 204.50 180.50 549.50
180.50 549.50 206.48 549.50
233.35 549.50 363.45 549.50
363.45 549.50 363.45 486.45
363.45 465.24 363.45 445.44
363.45 445.44 180.50 445.44
388.91 445.44 774.99 445.44
774.99 445.44 774.99 526.05
774.99 526.05 821.66 526.05
774.99 445.44 939.04 445.44
939.04 445.44 939.04 371.90
840.04 526.05 864.08 526.05
864.08 526.05 864.08 445.44
864.08 526.05 912.17 526.05
939.04 445.44 939.04 526.05
909.34 371.90 876.81 371.90
876.81 371.90 876.81 328.06
876.81 328.06 909.34 328.06
875.40 349.00 774.99 349.00
774.99 349.00 774.99 444.03
774.99 347.86 774.99 257.35
774.99 257.35 939.04 257.35
939.04 257.35 939.04 328.06
774.99 255.94 774.99 204.50
774.99 204.50 939.04 204.50
939.04 204.50 939.04 230.48
854.18 204.50 854.18 180.98
774.99 203.61 774.99 104.62
774.99 104.62 854.19 104.62
854.19 104.62 854.19 114.52
854.18 132.90 854.18 159.77
326.68 204.50 774.99 204.50
363.45 598.20 363.45 700.00
388.06 598.20 656.36 598.20
692.74 700.00 692.74 598.20
692.74 598.20 763.99 598.20
786.72 598.20 835.23 598.20
835.23 598.20 835.23 700.00
871.61 598.20 835.23 598.20
909.51 598.20 909.51 698.48
950.44 598.20 998.94 598.20
362.29 598.20 291.04 598.20
269.82 598.20 269.82 700.00
247.08 598.20 181.90 598.20
181.90 598.20 181.90 700.00
181.90 598.20 121.27 598.20
92.47 700.00 92.47 598.20
66.70 598.20 0.00 598.20
180.50 549.50 131.88 549.50
131.88 549.50 131.88 515.07
131.88 493.84 180.50 493.84
180.50 445.34 131.88 445.34
131.88 445.34 131.88 478.69
1000.00 75.47 879.19 75.47
879.19 75.47 879.19 36.06
0.00 512.04 66.70 512.04
66.70 512.04 66.70 574.18
0.00 434.73 66.70 434.73
66.70 434.73 66.70 489.30
66.70 434.73 66.70 369.55
66.70 345.29 0.00 345.29
66.70 325.59 66.70 246.76
66.70 246.76 0.00 246.76
66.70 225.54 66.70 151.26
66.70 151.26 0.00 151.26
66.70 151.26 66.70 87.60
66.70 67.89 66.70 0.00
101.56 0.00 101.56 75.47
101.56 75.47 166.74 75.47
186.45 75.47 186.45 0.00
212.22 75.47 278.92 75.47
278.92 75.47 278.92 0.00
278.92 75.47 354.71 75.47
385.03 75.47 385.03 0.00
410.79 75.47 477.49 75.47
477.49 75.47 477.49 0.00
506.29 75.47 572.99 75.47
572.99 75.47 572.99 0.00
572.99 75.47 641.20 75.47
673.04 75.47 673.04 0.00
701.84 75.47 760.96 75.47
760.96 75.47 760.96 0.00
782.18 75.47 856.45 75.47
856.45 75.47 856.45 0.00
