1000.00 700.00
25 25
0.00 700.00 0.00 0.00
0.00 0.00 1000.00 0.00
1000.00 0.00 1000.00 700.00
1000.00 700.00 0.00 700.00
45.67 700.00 45.67 105.14
45.67 105.14 134.15 105.14
134.15 105.14 134.15 160.77
48.52 62.34 154.13 62.34
154.13 62.34 154.13 0.00
45.67 185.02 134.15 185.02
134.15 185.02 134.15 204.99
198.37 0.00 198.37 117.98
198.37 117.98 224.06 117.98
45.67 247.79 134.15 247.79
45.67 313.41 171.26 313.41
171.26 313.41 171.26 279.17
171.26 279.17 134.15 279.17
202.65 170.76 322.53 170.76
322.53 170.76 322.53 92.30
322.53 92.30 251.18 92.30
251.18 92.30 251.18 0.00
201.23 233.52 322.53 233.52
322.53 233.52 322.53 170.76
45.67 364.77 166.98 364.77
166.98 364.77 166.98 390.44
166.98 390.44 208.36 390.44
322.53 233.52 382.47 233.52
382.47 233.52 382.47 282.03
382.47 282.03 225.49 282.03
309.69 282.03 309.69 393.30
309.69 393.30 261.17 393.30
45.67 436.09 154.13 436.09
154.13 436.09 154.13 403.28
261.17 393.30 261.17 464.62
261.17 464.62 154.13 464.62
154.13 464.62 154.13 534.52
261.17 464.62 261.17 600.14
45.67 595.86 141.29 595.86
162.69 595.86 196.95 595.86
196.95 595.86 196.95 700.00
265.45 700.00 265.45 658.63
265.45 658.63 366.78 658.63
366.78 658.63 366.78 590.16
366.78 590.16 442.41 590.16
442.41 590.16 442.41 550.21
442.41 550.21 335.38 550.21
335.38 550.21 335.38 568.76
335.38 550.21 335.38 515.98
439.56 550.21 439.56 494.58
439.56 494.58 376.77 494.58
308.26 393.30 348.22 393.30
348.22 393.30 348.22 423.25
261.17 464.62 323.96 464.62
309.69 331.96 392.46 331.96
348.22 393.30 392.46 393.30
392.46 393.30 392.46 356.21
439.56 493.15 439.56 371.90
439.56 371.90 532.32 371.90
532.32 371.90 532.32 327.68
532.32 327.68 446.70 327.68
426.72 274.89 526.62 274.89
526.62 274.89 526.62 327.68
322.53 179.32 405.31 179.32
405.31 179.32 405.31 199.29
496.65 274.89 496.65 136.52
496.65 136.52 462.39 136.52
322.53 92.30 365.35 92.30
398.17 0.00 398.17 83.74
460.97 0.00 460.97 78.03
460.97 78.03 438.13 78.03
460.97 42.37 546.60 42.37
579.42 42.37 669.33 42.37
669.33 42.37 669.33 0.00
660.77 42.37 660.77 244.94
660.77 244.94 719.28 244.94
719.28 244.94 719.28 364.77
719.28 364.77 662.19 364.77
662.19 364.77 662.19 513.12
662.19 513.12 570.86 513.12
570.86 513.12 570.86 584.45
570.86 584.45 727.84 584.45
727.84 584.45 727.84 527.39
727.84 527.39 692.16 527.39
496.65 223.54 590.84 223.54
590.84 223.54 590.84 247.79
526.62 274.89 569.43 274.89
570.86 513.12 542.31 513.12
542.31 513.12 542.31 473.18
542.31 473.18 572.28 473.18
662.19 473.18 600.83 473.18
439.56 426.11 548.02 426.11
548.02 426.11 548.02 407.56
445.27 700.00 445.27 627.25
445.27 627.25 488.08 627.25
519.48 627.25 519.48 700.00
570.86 627.25 729.27 627.25
729.27 627.25 729.27 700.00
769.23 700.00 769.23 202.14
769.23 202.14 726.42 202.14
726.42 155.07 839.16 155.07
839.16 155.07 839.16 202.14
839.16 202.14 769.23 202.14
774.94 155.07 774.94 92.30
774.94 92.30 839.16 92.30
867.70 100.86 867.70 183.60
867.70 183.60 839.16 183.60
1000.00 155.06 913.37 155.06
911.94 179.32 911.94 203.57
911.94 203.57 1000.00 203.57
769.23 256.35 874.84 256.35
874.84 256.35 874.84 229.24
874.84 256.35 874.84 293.44
769.23 317.69 873.41 317.69
769.23 367.62 871.98 367.62
871.98 367.62 871.98 343.37
871.98 367.62 871.98 404.71
769.23 430.39 871.98 430.39
719.28 306.28 613.67 306.28
662.19 399.00 600.83 399.00
600.83 399.00 600.83 446.08
496.65 167.90 570.86 167.90
590.84 223.54 590.84 167.90
439.56 521.68 495.22 521.68
495.22 521.68 495.22 531.67
442.41 564.48 509.49 564.48
509.49 564.48 509.49 543.08
769.23 473.18 870.56 473.18
870.56 473.18 870.56 447.50